	N_Leaf1	N_Leaf2	N_Leaf3	N_root1	N_root2	N_root3
N_Leaf1	1	0.985370040176593	0.969738361653334	0.894480157868469	0.907009255868579	0.900148486923571
N_Leaf2	0.985370040176593	1	0.973265876911491	0.88049256476948	0.897129705568426	0.895098327569683
N_Leaf3	0.969738361653334	0.973265876911491	1	0.85157175167681	0.876633517209718	0.899381007986637
N_root1	0.894480157868469	0.88049256476948	0.85157175167681	1	0.981293002404991	0.935167974848356
N_root2	0.907009255868579	0.897129705568426	0.876633517209718	0.981293002404991	1	0.95978996187613
N_root3	0.900148486923571	0.895098327569683	0.899381007986637	0.935167974848356	0.95978996187613	1
